24
24
24
24
24
24
24
24
24
36
36
36
36
36
36
36
36
36
36
36
36
36
36
24
24
24
24
24
24
1
11
11
11
11
11
11
11
11
11
11
11
11
1
1
1
1
1
1
1
1
1
1
1
3
3
3
3
3
3
3
3
3
3
3
3
3
3
3
3
3
3
3
3
3
3
3
3
3
3
3
3
3
3
3
3
24
24
24
24
24
30
30
30
30
30
30
30
30
30
30
30
30
30
30
30
30
30
30
30
30
30
30
30
30
30
30
30
30
30
30
30
30
30
30
30
4
4
4
4
4
0
4
0
0
4
4
0
4
4
4
4
4
4
4
0
0
0
0
0
0
0
0
0
0
0
57
57
57
57
57
57
57
57
57
57
57
57
38
38
38
38
38
38
38
38
38
38
38
38
43
28
28
43
31
28
43
14
43
14
43
43
43
43
43
43
28
14
43
43
14
14
43
14
43
43
43
43
28
43
43
43
28
43
28
28
28
14
14
14
43
43
43
14
14
43
43
43
31
28
43
28
31
31
43
43
43
14
31
31
28
31
28
28
43
43
43
43
28
43
43
31
31
43
31
28
43
43
43
43
43
43
43
43
43
43
43
43
43
43
43
43
43
43
43
43
43
43
43
43
43
43
43
43
43
43
43
43
43
43
43
43
43
43
43
43
43
43
43
43
43
43
43
43
43
31
31
31
14
14
14
14
14
14
14
28
28
14
14
14
14
14
14
28
28
28
28
28
28
28
28
28
28
28
28
14
14
14
28
28
28
28
28
28
28
28
28
14
14
14
28
28
28
28
14
14
14
28
28
14
14
14
14
54
54
24
24
24
24
24
24
24
24
24
24
46
46
46
46
46
46
46
46
46
46
62
46
46
46
62
46
46
46
62
46
46
46
62
46
62
46
62
62
62
46
46
62
62
46
46
62
62
62
62
24
24
24
24
20
20
20
20
38
38
38
38
38
38
9
0
0
0
0
4
4
4
7
9
9
9
9
9
9
7
9
7
7
7
7
7
7
7
7
9
9
7
33
33
24
33
33
24
33
33
33
33
33
24
33
24
33
24
33
24
33
33
33
33
33
33
33
33
33
33
33
33
33
24
24
33
33
33
33
24
33
33
24
33
33
33
33
24
33
33
33
24
24
33
33
33
33
33
33
22
22
22
22
22
22
22
22
22
22
22
22
22
22
22
22
22
22
22
22
22
22
22
22
22
22
22
22
22
22
22
22
22
22
22
22
22
22
22
22
22
22
22
22
22
22
22
22
22
22
22
22
22
22
22
22
22
22
22
22
22
22
22
22
22
22
22
22
22
22
22
22
22
22
22
22
22
22
22
22
22
22
22
22
22
22
22
22
22
22
22
22
22
22
22
22
22
22
22
69
69
69
69
69
69
69
69
69
69
69
69
69
69
69
69
69
69
69
69
69
69
69
69
69
69
69
69
69
69
69
69
69
69
69
69
24
24
54
54
54
54
54
54
54
54
54
54
54
54
54
54
54
54
54
54
54
54
54
54
54
54
54
54
54
54
54
54
54
54
54
54
54
54
39
39
39
39
39
39
39
39
39
39
39
39
39
39
39
39
39
39
39
39
45
45
45
45
45
45
45
45
45
45
45
45
45
45
45
45
45
45
45
45
45
70
70
70
70
70
70
70
70
70
70
70
70
70
70
70
70
70
70
70
70
70
70
70
70
70
70
70
70
70
70
70
70
70
70
70
70
70
70
70
70
70
70
70
70
70
24
24
24
24
24
24
24
24
24
24
24
24
24
24
24
24
24
24
56
56
56
56
56
56
56
56
56
56
56
56
56
37
37
52
37
52
52
52
52
52
6
37
52
52
52
37
37
52
52
52
52
52
52
37
52
52
52
52
37
37
52
52
52
52
52
52
6
37
37
52
52
52
37
52
52
52
37
37
52
52
52
52
52
52
52
52
52
37
52
52
52
52
52
37
52
37
37
37
37
52
37
37
6
6
6
37
52
6
52
6
52
37
52
52
52
52
37
52
52
52
52
52
52
52
52
52
52
37
52
52
6
52
52
52
52
52
37
52
52
52
52
52
52
52
52
52
52
52
52
37
37
52
52
52
52
37
52
52
37
37
52
52
52
52
52
52
52
52
52
52
52
52
52
52
52
52
37
52
52
6
37
52
37
52
52
37
52
52
6
52
52
52
52
52
52
52
52
52
52
52
52
52
52
52
52
52
52
6
52
52
52
52
6
52
6
52
52
52
52
52
6
52
52
52
52
52
52
37
6
6
52
52
52
52
52
52
52
52
52
52
6
6
52
52
52
52
52
52
52
52
52
52
5
5
5
5
5
5
5
5
5
5
5
5
5
5
5
5
5
5
5
5
5
5
5
29
44
44
29
44
44
44
29
68
29
68
29
44
44
19
29
44
68
68
44
44
44
44
29
19
44
19
44
19
68
68
44
19
44
29
44
29
29
44
19
44
44
19
68
29
19
44
29
44
19
44
19
29
19
44
44
68
44
68
19
44
29
19
19
19
44
19
68
68
44
19
19
19
44
44
29
44
19
44
44
29
44
19
19
44
44
19
44
44
44
68
29
19
68
19
44
19
29
19
19
29
44
68
19
44
44
44
44
29
44
44
19
19
68
19
19
29
19
68
44
29
44
68
68
29
68
44
44
44
44
68
68
29
29
29
29
19
44
29
44
29
29
68
29
68
68
29
44
19
44
19
44
29
44
44
29
68
44
29
29
29
29
29
29
29
29
29
29
29
29
29
29
29
29
29
29
29
29
29
29
29
29
29
29
29
29
29
29
29
29
29
29
29
29
29
29
29
29
29
29
29
29
29
29
29
29
29
29
29
29
29
29
29
29
29
29
29
29
29
29
29
29
29
29
29
29
29
29
29
29
29
29
29
29
29
29
29
29
29
29
29
29
29
29
29
29
29
29
29
29
29
29
29
29
29
29
29
29
29
29
29
29
29
29
29
29
29
29
29
29
29
29
29
29
29
29
29
29
29
29
29
29
29
29
29
29
29
29
29
29
29
29
29
29
29
29
29
29
29
29
29
29
29
29
29
29
29
29
29
29
29
29
29
29
29
29
29
29
29
29
29
29
29
29
29
29
29
29
29
29
29
29
29
29
29
29
29
29
29
29
29
29
29
29
29
29
29
29
29
29
29
29
29
29
29
29
29
29
29
29
29
29
29
29
29
29
29
29
29
29
29
29
29
29
29
29
29
29
29
29
29
29
29
29
29
29
29
29
29
29
29
29
29
29
29
29
29
29
29
29
29
29
29
29
29
29
29
29
73
73
73
73
73
73
73
73
73
71
2
2
2
71
2
71
2
2
2
2
71
71
2
2
2
2
2
49
49
49
49
49
49
49
49
49
49
49
49
49
49
49
49
49
49
49
49
49
2
35
35
35
35
35
35
35
35
35
35
35
35
35
35
35
35
35
35
35
35
35
35
35
35
35
35
35
35
35
35
35
35
35
35
35
35
35
35
35
35
8
8
8
8
8
8
8
8
8
8
8
8
8
8
8
8
8
8
8
8
8
51
51
51
51
51
51
51
51
51
51
51
51
23
23
23
23
23
23
23
23
23
23
23
23
23
23
23
23
23
23
23
23
23
23
23
23
23
23
23
23
23
23
23
23
23
23
41
41
41
41
41
41
41
41
41
41
41
41
41
41
41
41
41
41
7
7
7
7
7
7
7
7
7
7
53
53
53
53
53
53
53
53
53
53
53
53
53
53
53
53
53
10
10
53
53
53
53
53
53
53
10
10
10
10
10
10
10
10
10
10
10
10
10
10
10
10
10
10
10
10
10
10
10
10
10
10
10
10
10
10
10
10
10
10
10
10
10
10
10
10
10
10
10
10
10
10
10
10
10
10
10
10
10
10
10
10
10
10
10
10
10
10
10
10
10
10
10
10
10
10
10
10
10
10
10
10
10
10
10
10
10
10
10
10
10
10
10
10
10
10
10
10
10
10
10
10
10
10
10
10
10
10
10
10
10
10
10
10
10
10
10
10
10
10
10
10
10
10
10
10
10
10
10
10
10
10
10
10
10
10
10
10
10
10
10
10
10
10
10
10
10
10
10
10
10
10
10
10
10
10
10
10
10
10
10
10
10
10
10
10
10
10
10
10
10
10
10
10
10
10
10
10
10
10
10
10
10
10
10
10
10
10
10
10
10
10
10
10
10
10
10
10
10
10
10
10
10
10
10
10
10
10
10
10
10
10
10
10
10
10
10
10
10
10
10
10
10
10
10
10
10
10
10
10
10
10
10
10
10
10
10
10
10
10
10
10
10
10
10
10
10
10
10
10
10
10
10
10
10
10
10
10
10
10
10
10
10
10
10
10
10
10
10
10
10
10
10
10
10
10
10
10
10
10
10
10
10
10
10
10
10
10
10
10
10
10
10
10
10
10
10
64
64
64
64
64
64
64
64
64
64
64
64
64
64
64
64
64
64
64
64
64
64
13
13
13
13
13
13
13
13
13
13
20
20
20
20
20
20
20
20
55
55
55
55
55
55
55
55
55
55
55
55
55
55
55
63
63
63
63
63
63
63
63
63
63
63
63
63
63
63
63
63
63
63
63
63
63
63
63
63
63
63
63
63
63
63
63
63
63
63
63
63
63
63
63
63
63
63
63
63
63
63
63
63
74
74
74
74
74
74
74
74
74
74
32
32
32
32
32
32
32
32
32
32
73
73
73
73
73
66
66
66
66
66
66
66
66
66
66
66
66
66
66
66
66
66
66
66
66
66
66
66
66
66
66
66
66
66
66
26
26
26
26
26
26
26
26
26
26
76
76
76
76
76
76
76
76
76
76
76
76
76
76
76
76
76
76
76
76
50
47
50
47
50
47
47
47
47
47
47
47
47
47
47
47
50
47
50
50
50
50
50
50
47
72
72
72
72
72
72
72
72
72
72
72
72
72
72
72
72
72
72
72
72
72
72
58
58
58
58
58
58
58
58
58
58
58
58
58
61
61
61
61
61
34
40
40
40
40
40
40
40
40
40
34
40
40
40
40
40
40
40
40
40
34
34
34
34
34
34
34
34
34
34
34
34
34
34
34
34
34
34
34
34
34
34
18
18
18
18
18
18
18
18
18
18
18
18
18
18
18
18
18
18
42
42
42
42
42
42
42
42
42
42
59
59
59
59
59
59
59
59
59
59
59
59
59
59
59
59
59
59
59
59
59
59
59
59
59
59
59
65
65
33
33
33
33
33
33
33
33
33
33
33
33
33
33
33
33
33
33
33
60
60
60
60
60
60
60
60
60
60
60
60
60
60
60
60
60
60
61
61
61
61
61
61
61
61
61
61
61
61
61
61
61
61
61
61
61
61
61
61
61
61
61
61
61
61
61
61
61
61
61
61
61
61
61
61
61
61
61
61
61
61
18
18
18
18
18
18
18
18
18
18
18
18
18
18
18
18
18
18
18
18
18
18
18
18
18
18
18
18
18
18
18
18
18
18
18
18
18
18
18
18
18
18
18
18
18
18
18
18
18
18
18
18
18
18
18
18
18
18
18
18
18
18
18
18
18
18
18
18
18
18
18
18
18
18
18
18
18
18
18
18
18
18
18
18
18
18
18
18
18
18
18
18
18
18
18
18
18
18
18
18
18
18
18
18
18
18
18
18
18
18
18
18
18
18
18
18
18
18
18
18
18
72
72
72
72
72
72
72
54
54
54
54
54
54
54
54
54
54
54
54
54
54
54
54
54
54
17
21
17
21
17
21
17
17
21
17
21
17
21
21
17
21
21
17
21
21
21
21
17
17
17
21
21
21
17
27
27
27
27
27
27
27
27
27
27
27
27
27
27
27
27
27
27
27
27
27
27
27
27
27
27
27
27
27
27
27
27
27
27
27
27
27
27
27
27
27
27
27
27
27
27
27
27
27
27
27
27
27
27
27
27
27
27
27
27
27
27
27
27
27
27
27
27
27
27
27
27
27
27
27
27
27
27
27
27
27
27
27
27
27
27
27
27
27
27
27
27
27
27
27
27
27
27
27
27
27
78
78
78
78
78
16
16
16
16
16
16
16
16
16
71
71
71
71
71
78
78
78
78
78
16
29
29
29
29
29
29
29
29
29
29
29
29
29
29
29
29
29
29
29
29
29
29
29
29
29
29
29
29
29
29
29
29
29
29
29
29
29
29
29
29
29
29
29
29
29
29
29
29
29
29
29
29
29
29
29
29
29
29
29
29
29
29
29
29
29
29
29
29
29
29
29
29
29
29
29
29
29
29
29
29
29
29
29
29
29
29
29
29
29
29
29
29
29
29
29
29
29
29
29
29
29
29
29
29
29
29
29
29
29
29
29
29
29
29
29
29
29
29
29
29
29
29
29
29
29
29
29
29
29
29
29
29
29
29
29
29
29
29
29
29
29
29
29
29
29
29
29
29
29
29
29
29
29
29
29
29
29
29
29
29
29
29
29
29
29
29
29
29
29
29
29
29
29
29
29
29
29
29
29
29
29
29
29
29
29
29
29
29
29
29
29
29
29
29
29
29
29
29
29
29
29
29
29
29
29
29
29
29
29
29
29
29
29
29
29
29
29
29
29
29
29
29
29
29
29
29
29
29
29
29
29
29
29
29
29
29
29
29
29
29
29
29
29
29
29
29
29
29
29
29
29
48
48
48
48
48
48
48
48
48
48
48
48
48
48
48
48
33
33
33
33
33
33
33
33
25
25
25
25
25
25
25
25
25
25
25
25
25
25
25
25
25
25
25
25
25
25
25
25
25
25
25
25
25
25
25
25
25
25
25
25
25
25
25
25
25
25
25
25
25
25
25
25
25
25
25
25
25
25
25
25
25
25
25
25
25
25
25
25
25
25
25
25
25
25
25
25
25
25
25
25
25
25
25
25
25
25
25
25
25
25
25
25
25
25
25
25
25
25
25
25
25
25
25
25
25
25
25
25
25
25
25
25
25
25
25
25
25
15
15
15
15
15
15
15
15
15
15
15
15
15
15
15
15
15
15
15
15
15
15
15
15
15
15
15
15
15
15
15
15
15
15
15
15
15
15
15
15
15
15
15
15
15
15
15
15
15
15
15
15
15
15
15
15
15
15
15
15
15
15
15
15
15
15
15
15
15
15
15
15
15
15
15
15
15
15
15
15
15
15
15
15
15
15
15
15
15
15
15
15
15
15
15
15
15
15
15
15
15
15
15
15
15
15
15
15
15
15
15
15
15
75
75
75
75
75
75
75
75
75
75
75
75
75
75
75
75
75
75
75
75
75
75
75
75
75
75
75
75
75
75
75
75
75
75
75
75
75
54
54
54
54
54
54
54
54
54
12
12
12
12
12
77
77
77
77
12
12
12
77
77
77
77
12
12
77
77
65
65
65
65
65
65
30
30
30
30
30
65
67
67
67
67
67
67
67
67
67
67
65
67
67
67
67
67
67
67
67
67
67
65
67
67
67
67
67
67
67
67
67
67
30
67
67
67
67
67
67
67
67
67
67
65
67
67
67
67
67
67
67
67
67
67
65
67
67
67
67
67
67
67
67
67
67
30
67
67
67
67
67
67
67
67
67
67
65
67
67
67
67
67
67
67
67
67
67
65
67
67
67
67
67
67
67
67
67
67
65
67
67
67
67
67
67
67
67
67
67
65
65
65
65
65
65
65
65
65
65
65
65
65
65
65
30
30
65
65
65
65
65
65
65
30
30
30
65
65
65
65
65
65
65
30
65
30
65
65
65
65
65
65
65
65
65
30
65
65
65
30
65
65
65
65
65
65
30
30
65
65
65
65
65
65
65
65
30
65
30
65
65
65
65
65
65
65
65
65
65
65
65
65
65
30
30
65
65
65
65
30
65
30
65
30
65
65
30
30
65
65
65
65
65
65
30
65
65
65
65
65
65
30
65
30
30
65
65
65
30
65
65
30
65
30
65
65
30
65
30
30
30
65
30
65
30
30
65
65
30
65
65
30
65
30
30
65
30
65
65
65
65
